((("typedef" .
   [0 0 0 0 1 0 0])
  ("main1" .
   [0 0 0 0 1])
  ("ac-source-words-in-all-buffer" .
   [1 0 0 0 0 0 0 0 0 0 0 0 0 0 0 0 0 0 0 0 0 0 0 0 0 0 0 0 0])
  ("switch-source-file" .
   [2 0 0 0 0 0 0 0 0 0 0 0 0 0 0 0 0 0])
  ("ac使用semantic的分析结果" .
   [1 0 0 0 0 0 0 0 0 0 0 0 0 0 0 0 0])
  ("ddd" .
   [2 0 0])
  ("s" .
   [5])
  ("printf" .
   [9 0 0 1 2 5])
  ("d" .
   [6])
  ("return" .
   [0 0 0 0 0 1])
  ("L1Index" .
   [1 0 0 0 0 0 0])
  ("l_same" .
   [0 0 0 2 0 0])
  ("L3Index" .
   [1 0 0 0 0 0 0])
  ("samel3" .
   [2 0 0 0 0 0])
  ("same" .
   [3 0 0 0])
  ("t" .
   [1])
  ("tmp1" .
   [1 0 0 0])
  ("curpagei" .
   [0 0 0 0 0 0 0 1])
  ("pos" .
   [1 0 0])
  ("start_pageid" .
   [1 0 0 0 0 0 0 0 1 0 0 0])
  ("pHListNode" .
   [1 0 0 0 1 0 0 0 0 0])
  ("p" .
   [4])
  ("struct" .
   [0 0 0 0 1 0])
  ("ssss" .
   [8 1 0 3])
  ("switch" .
   [0 0 0 1 2 5])
  ("main-dir" .
   [1 0 0 0 0 0 0 0])
  ("m" .
   [3])
  ("mainly" .
   [1 0 0 0 7 0])
  ("main" .
   [7 0 0 6])))
